/**:
  ros__parameters:
    WP1_lat: 37.450576
    WP1_lon: 126.650237
    WP2_lat: 37.450973
    WP2_lon: 126.650069
    WP3_lat: 37.450981
    WP3_lon: 126.650564
    WP4_lat: 37.450504
    WP4_lon: 126.650497
